45
0 0
7 13
1
0 0
-10 55
1
3 2
7 13
11
0 11
1 -6
2
0 11
1 -6
-1
0 11
1 -6
-3
9 36
15 646
0
9 36
15 646
10
0 0
1 0
10
0 0
2 1
-6
5 5
10 10
4
0 0
1 1
100
0 0
1 1
-100
9 36
15 646
8
9 19
15 341
0
9 19
15 341
1
10 48
14 329
18
10 48
14 329
0
10 48
14 329
1
10 49
18 2302
0
10 49
18 2302
1
10 41
14 281
0
-15 -359
-9 -20
-3
-19 6483
-11 138
-3
0 1
10 2
5
5 5
9 9
7
4 40
10 1200
50
50 5000
60 6000
70
-10 100
10 -100
0
-20 200
20 -200
1
77 414
92 636
67
1 58
90 389
37
95 259
73 451
18
83 167
82 43
60
79 211
37 191
17
68 72
4 820
1
3 76
31 389
56
51 125
86 760
22
1 984
27 894
60
15 271
7 523
48
-10 10
10 10
0
-10 10
10 10
1
9 36
15 646
1
0 0
1 1
256
0 1
1 1000
2